
power = 1792.14001428571
throughput = 12023.78
composite = 4642.01435380894
